data size: 376640
training size: 258376
testing size: 112992


0.9678295808552818
0.9674490229396772
0.9673605210988389
0.9677764797507789
0.9678118804871141
0.9674490229396772
0.9668472104219767
0.9672720192580005
0.966988813367318
0.9675817757009346
0.9678384310393656
0.967714528462192
0.9678384310393656
0.9679534834324554
0.9677410790144435
0.9673162701784197
0.9679357830642877
0.9670065137354857
0.9677499291985273
0.9680154347210422
0.9677587793826111
0.9675640753327669
0.9674490229396772
0.9678295808552818
0.9681835882186349
0.9678030303030303
0.9685287453979042
0.968130487114132
0.9682012885868027
0.9683428915321439
0.9686083970546587
0.9686437977909941
0.9683959926366469
0.969059756442934
0.9694314641744548
0.9688473520249221
0.9687322996318324
0.9692810110450297
0.9683428915321439
0.9681924384027187
0.9687145992636647
0.9690863069951855
0.9683959926366469
0.9693075615972813
0.9695376663834607
0.9684313933729821
0.9693252619654489
0.9692013593882752
0.9687145992636647
0.9686172472387425
Bagging
Average bias squared: 0.09411916595865195
Average variance: 0.031168642027754177


0.9754053384310394
0.974803525913339
0.9752017841971113
0.9754318889832908
0.9757681959784763
0.9754141886151232
0.9761045029736618
0.9758035967148116
0.9759009487397338
0.9750070801472671
0.9751398329085245
0.9751044321721892
0.9753433871424526
0.9755203908241291
0.97589209855565
0.9751486830926084
0.9763346077598414
0.9757150948739733
0.9761664542622487
0.9755203908241291
0.9754849900877939
0.9753256867742849
0.9750778816199377
0.97547613990371
0.9754141886151232
0.9756088926649674
0.9758124468988955
0.9763700084961767
0.9755557915604645
0.9754938402718777
0.9747415746247522
0.9751929340130274
0.9748831775700935
0.975113282356273
0.9756177428490512
0.9757947465307278
0.9756442934013028
0.9750955819881053
0.974493769470405
0.9753787878787878
0.9754053384310394
0.9758566978193146
0.9759894505805721
0.976254956103087
0.9758301472670632
0.9753787878787878
0.9752106343811952
0.975166383460776
0.9750778816199377
0.9750690314358539
Random Forests (half)
Average bias squared: 0.06116425941659587
Average variance: 0.03342650807136788


0.9638204474653073
0.9625637213254036
0.962386717643727
0.9629088785046729
0.9630504814500142
0.9629973803455112
0.9633159869725291
0.9616787029170206
0.9621831634097989
0.963059331634098
0.9631212829226848
0.9622716652506372
0.9620150099122061
0.9618291560464458
0.962537170773152
0.9618203058623619
0.9619884593599547
0.9627761257434154
0.9624309685641461
0.9633602378929482
0.9622008637779665
0.9632982866043613
0.962696474086661
0.9628557774001699
0.9623690172755593
0.9616344519966016
0.9628557774001699
0.9630327810818465
0.9628469272160861
0.963369088077032
0.9631566836590201
0.9626168224299065
0.9626433729821581
0.9626522231662419
0.9624398187482299
0.9629619796091758
0.9628115264797508
0.9625814216935712
0.9630681818181818
0.9630239308977627
0.9633159869725291
0.9621831634097989
0.9636611441517984
0.9627407250070802
0.9622451146983857
0.9622274143302181
0.9624398187482299
0.9628292268479184
0.9620592608326253
0.9626876239025772
Random Forests (sqrt)
Average bias squared: 0.07350442863211554
Average variance: 0.0691954085244973


0.8974263664684226
0.8971874114981592
0.8993114556782781
0.8973290144435004
0.8977803738317757
0.8982671339563862
0.8963466440101954
0.898904347210422
0.8973024638912489
0.8962050410648541
0.8981166808269612
0.8975325686774285
0.8942314500141603
0.8973821155480034
0.8974440668365902
0.8976299207023506
0.8969661568960634
0.89714316057774
0.8956917303879921
0.8976033701500992
0.8989220475785896
0.8977980741999434
0.8974971679410931
0.898284834324554
0.8966829510053809
0.8972051118663268
0.8962315916171056
0.8967449022939677
0.8973821155480034
0.8960811384876806
0.8964439960351175
0.8956917303879921
0.8962315916171056
0.8973467148116681
0.896266992353441
0.8992406542056075
0.8981963324837157
0.8979308269612007
0.8976210705182668
0.8978069243840272
0.8947890116114415
0.8990813508920985
0.8980901302747097
0.8998424667233078
0.8972847635230813
0.8975502690455961
0.8968953554233928
0.8979308269612007
0.895488176154064
0.8985326394789012
Random Forests (1)
Average bias squared: 0.15789049844236758
Average variance: 0.23694665817048993


