data size: 25010
training size: 17157
testing size: 7503


0.6042916166866587
0.6036252165800347
0.6060242569638811
0.6154871384779421
0.6089564174330268
0.6145541783286685
0.6122884179661469
0.6141543382646941
0.614287618286019
0.6198853791816606
0.611488737838198
0.6130880980940957
0.6037584966013595
0.6138877782220445
0.61015593762495
0.6110888977742236
0.614287618286019
0.6098893775823004
0.6068239370918299
0.6077568972411036
0.6121551379448221
0.6140210582433693
0.6152205784352925
0.6113554578168733
0.6129548180727709
0.611488737838198
0.6106890577102493
0.6084232973477276
0.6090896974543516
0.6116220178595229
0.6112221777955484
0.6092229774756764
0.6136212181793949
0.6061575369852059
0.615620418499267
0.6126882580301213
0.6144208983073437
0.6144208983073437
0.6128215380514461
0.6136212181793949
0.6168199386911902
0.6068239370918299
0.6172197787551646
0.6166866586698654
0.6124216979874717
0.6153538584566174
0.6126882580301213
0.6134879381580701
0.6109556177528989
0.6060242569638811
Bagging
Average bias squared: 0.5665350393176063
Average variance: 0.0949630281220845


0.5954951352792216
0.6056244168999068
0.593895775023324
0.6080234572837532
0.6052245768359323
0.6004264960682394
0.5949620151939224
0.5969612155137944
0.5962948154071704
0.5936292149806744
0.5973610555777689
0.5961615353858457
0.6037584966013595
0.5925629748100759
0.6002932160469145
0.599360255897641
0.599360255897641
0.5960282553645209
0.6104224976675996
0.6037584966013595
0.6036252165800347
0.6016260162601627
0.6004264960682394
0.6069572171131548
0.6034919365587098
0.6033586565373851
0.6060242569638811
0.6060242569638811
0.6037584966013595
0.598693855791017
0.6033586565373851
0.599360255897641
0.6036252165800347
0.6029588164734107
0.6053578568572571
0.6004264960682394
0.6066906570705052
0.5994935359189657
0.6010928961748634
0.6025589764094362
0.6021591363454618
0.5982940157270425
0.6052245768359323
0.6028255364520858
0.6018925763028122
0.5981607357057177
0.6042916166866587
0.6062908170065308
0.6040250566440091
0.6074903371984539
Random Forests (half)
Average bias squared: 0.580632493669199
Average variance: 0.10007122484339596


0.5988271358123417
0.5921631347461016
0.5942956150872984
0.5918965747034519
0.5970944955351193
0.5956284153005464
0.5972277755564441
0.5910968945755032
0.5933626549380248
0.5926962548314008
0.6009596161535385
0.5901639344262295
0.5948287351725976
0.5914967346394775
0.5902972144475543
0.5888311342129815
0.5957616953218713
0.584432893509263
0.5922964147674263
0.5889644142343062
0.5912301745968279
0.59656137544982
0.5964280954284953
0.5950952952152473
0.5898973743835799
0.5862988138078102
0.5941623350659736
0.5940290550446488
0.594562175129948
0.5948287351725976
0.5933626549380248
0.594562175129948
0.5894975343196055
0.6037584966013595
0.5921631347461016
0.5982940157270425
0.5936292149806744
0.5894975343196055
0.5941623350659736
0.5981607357057177
0.5930960948953752
0.5913634546181528
0.5917632946821272
0.5973610555777689
0.5917632946821272
0.5897640943622551
0.5933626549380248
0.5913634546181528
0.5929628148740503
0.5973610555777689
Random Forests (sqrt)
Average bias squared: 0.5906376649340263
Average variance: 0.1070565906970545


0.5537784886045581
0.5419165667066507
0.5467146474743436
0.54911368785819
0.5536452085832334
0.547114487538318
0.5503132080501133
0.5555111288817807
0.5543116086898574
0.5469812075169932
0.5408503265360523
0.5463148074103692
0.5529788084766094
0.546448087431694
0.5507130481140877
0.5447154471544715
0.5589764094362255
0.5492469678795149
0.5469812075169932
0.5596428095428495
0.5441823270691724
0.5433826469412235
0.5473810475809676
0.5505797680927629
0.5439157670265228
0.5475143276022925
0.5467146474743436
0.5428495268559242
0.5513794482207117
0.5524456883913101
0.5504464880714381
0.5436492069838731
0.5461815273890444
0.5428495268559242
0.5435159269625484
0.5527122484339597
0.5427162468345995
0.5459149673463948
0.5460482473677196
0.5436492069838731
0.5452485672397708
0.5476476076236172
0.5487138477942156
0.5528455284552846
0.5481807277089165
0.5467146474743436
0.5428495268559242
0.5513794482207117
0.5488471278155405
0.5515127282420366
Random Forests (1)
Average bias squared: 0.6518263627882181
Average variance: 0.13118576569372253


