data size: 25010
training size: 17157
testing size: 7503


0.5725709716113555
0.5759029721444755
0.5607090497134479
0.5723044115687058
0.570171931227509
0.5761695321871252
0.5713714514194322
0.5780354524856725
0.5693722510995601
0.5699053711848594
0.5711048913767827
0.5733706517393042
0.5673730507796881
0.578302012528322
0.580301212848194
0.5765693722510996
0.5769692123150739
0.5744368919099027
0.5757696921231508
0.5767026522724243
0.5760362521658003
0.5727042516326802
0.5773690523790483
0.5760362521658003
0.5749700119952019
0.5823004131680661
0.5801679328268693
0.5792349726775956
0.5824336931893909
0.5832333733173397
0.5757696921231508
0.5764360922297748
0.5904304944688791
0.5731040916966547
0.5795015327202452
0.5691056910569106
0.5748367319738771
0.5757696921231508
0.5833666533386646
0.5904304944688791
0.5805677728908437
0.5665733706517393
0.583100093296015
0.5775023324003732
0.5747034519525523
0.580301212848194
0.5788351326136212
0.5793682526989204
0.5817672930827669
0.5804344928695189
Bagging (1)
Average bias squared: 0.5551490337198454
Average variance: 0.17216004264960685


0.5631080900972945
0.5760362521658003
0.5657736905237905
0.5715047314407571
0.5676396108223377
0.5728375316540051
0.570171931227509
0.5703052112488338
0.5699053711848594
0.5709716113554578
0.5825669732107157
0.567506330801013
0.5692389710782354
0.5768359322937492
0.569505531120885
0.5755031320805011
0.5745701719312275
0.5797680927628949
0.5771024923363988
0.5764360922297748
0.577635612421698
0.5773690523790483
0.5813674530187924
0.5795015327202452
0.5725709716113555
0.5685725709716114
0.5808343329334933
0.5856324137011862
0.5800346528055444
0.5740370518459283
0.5735039317606291
0.5741703318672531
0.5834999333599893
0.5805677728908437
0.5815007330401173
0.5755031320805011
0.5821671331467413
0.5823004131680661
0.5836332133813141
0.5897640943622551
0.5768359322937492
0.5725709716113555
0.5828335332533653
0.5833666533386646
0.5815007330401173
0.5735039317606291
0.5753698520591763
0.5853658536585366
0.5731040916966547
0.5712381713981074
Random Forests (.9)
Average bias squared: 0.5530445421831268
Average variance: 0.17243326669332265


0.5739037718246035
0.5775023324003732
0.5644408903105425
0.5632413701186192
0.5735039317606291
0.5704384912701586
0.5664400906304145
0.5668399306943889
0.568839131014261
0.5785685725709716
0.5723044115687058
0.5753698520591763
0.5747034519525523
0.5693722510995601
0.5720378515260562
0.5780354524856725
0.570838331334133
0.5841663334666134
0.5760362521658003
0.5752365720378515
0.5739037718246035
0.5713714514194322
0.5716380114620818
0.5748367319738771
0.5729708116753298
0.5771024923363988
0.5680394508863121
0.5784352925496468
0.5697720911635346
0.5744368919099027
0.5793682526989204
0.5731040916966547
0.5763028122084499
0.5804344928695189
0.57963481274157
0.5821671331467413
0.5860322537651605
0.5838997734239637
0.5712381713981074
0.5873650539784087
0.5728375316540051
0.5733706517393042
0.5717712914834067
0.5769692123150739
0.5724376915900307
0.5808343329334933
0.5785685725709716
0.5736372117819539
0.5679061708649873
0.5676396108223377
Random Forests (.7)
Average bias squared: 0.5571217912834867
Average variance: 0.17409505531120886


0.562041849926696
0.5667066506730641
0.567506330801013
0.5775023324003732
0.5693722510995601
0.5672397707583633
0.5617752898840463
0.563374650139944
0.5592429694788751
0.5680394508863121
0.5676396108223377
0.5659069705451153
0.568172730907637
0.5596428095428495
0.5667066506730641
0.5621751299480208
0.5656404105024657
0.5609756097560976
0.5691056910569106
0.5649740103958416
0.5660402505664401
0.5715047314407571
0.5667066506730641
0.5781687325069972
0.5573770491803278
0.5687058509929361
0.5756364121018259
0.5757696921231508
0.5663068106090897
0.5720378515260562
0.5745701719312275
0.5740370518459283
0.5691056910569106
0.5692389710782354
0.5744368919099027
0.5689724110355857
0.5676396108223377
0.5704384912701586
0.5733706517393042
0.5685725709716114
0.5689724110355857
0.5671064907370386
0.5700386512061842
0.5649740103958416
0.564707450353192
0.5731040916966547
0.563374650139944
0.5717712914834067
0.5672397707583633
0.5687058509929361
Random Forests (.5)
Average bias squared: 0.5663965880314541
Average variance: 0.17581319472211113


0.5500466480074637
0.5669732107157137
0.5581767293082767
0.5460482473677196
0.5571104891376782
0.5639077702252432
0.5637744902039185
0.5580434492869519
0.5452485672397708
0.5644408903105425
0.5585765693722511
0.5496468079434893
0.5524456883913101
0.5585765693722511
0.548447287751566
0.5515127282420366
0.5507130481140877
0.5512461681993869
0.5483140077302412
0.5568439290950287
0.5597760895641744
0.5603092096494735
0.5597760895641744
0.5517792882846861
0.5520458483273357
0.547114487538318
0.5540450486472078
0.553911768625883
0.5621751299480208
0.5636412101825936
0.5443156070904971
0.5624416899906703
0.5524456883913101
0.5571104891376782
0.5496468079434893
0.5567106490737038
0.5519125683060109
0.548447287751566
0.5573770491803278
0.5608423297347728
0.5505797680927629
0.5577768892443022
0.5504464880714381
0.5544448887111822
0.54911368785819
0.5409836065573771
0.5561775289884047
0.5605757696921232
0.5505797680927629
0.5597760895641744
Random Forests (.3)
Average bias squared: 0.5875776622684259
Average variance: 0.18082431027588963


0.5188591230174597
0.5156604025056644
0.5193922431027589
0.5169932027189125
0.5204584832733573
0.5115287218445955
0.5116620018659203
0.5201919232307077
0.5239237638278023
0.5140610422497668
0.5137944822071171
0.5153938424630148
0.521391443422631
0.5235239237638278
0.5136612021857924
0.5183260029321605
0.5223244035719046
0.5208583233373317
0.5163268026122885
0.5189924030387845
0.5109956017592963
0.5129948020791684
0.5117952818872451
0.5217912834866053
0.5167266426762628
0.5131280821004931
0.5083300013328003
0.5139277622284419
0.5149940023990404
0.519258963081434
0.5163268026122885
0.5152605624416899
0.5139277622284419
0.5197920831667333
0.5139277622284419
0.5216580034652806
0.5219245635079302
0.5027322404371585
0.5155271224843396
0.5251232840197254
0.523390643742503
0.5105957616953218
0.507130481140877
0.5259229641476743
0.5145941623350659
0.519258963081434
0.517926162868186
0.5232573637211781
0.5216580034652806
0.5157936825269892
Random Forests (.1)
Average bias squared: 0.646620018659203
Average variance: 0.19556843929095027


0.5188591230174597
0.5156604025056644
0.5193922431027589
0.5169932027189125
0.5204584832733573
0.5115287218445955
0.5116620018659203
0.5201919232307077
0.5239237638278023
0.5140610422497668
0.5137944822071171
0.5153938424630148
0.521391443422631
0.5235239237638278
0.5136612021857924
0.5183260029321605
0.5223244035719046
0.5208583233373317
0.5163268026122885
0.5189924030387845
0.5109956017592963
0.5129948020791684
0.5117952818872451
0.5217912834866053
0.5167266426762628
0.5131280821004931
0.5083300013328003
0.5139277622284419
0.5149940023990404
0.519258963081434
0.5163268026122885
0.5152605624416899
0.5139277622284419
0.5197920831667333
0.5139277622284419
0.5216580034652806
0.5219245635079302
0.5027322404371585
0.5155271224843396
0.5251232840197254
0.523390643742503
0.5105957616953218
0.507130481140877
0.5259229641476743
0.5145941623350659
0.519258963081434
0.517926162868186
0.5232573637211781
0.5216580034652806
0.5157936825269892
Pure Random Forests
Average bias squared: 0.646620018659203
Average variance: 0.19556843929095027


Average bias squared for Bagging (1) : 0.5551490337198454
Average variance for Bagging (1) : 0.17216004264960685
Average bias squared for Random Forests (.9) : 0.5530445421831268
Average variance for Random Forests (.9) : 0.17243326669332265
Average bias squared for Random Forests (.7) : 0.5571217912834867
Average variance for Random Forests (.7) : 0.17409505531120886
Average bias squared for Random Forests (.5) : 0.5663965880314541
Average variance for Random Forests (.5) : 0.17581319472211113
Average bias squared for Random Forests (.3) : 0.5875776622684259
Average variance for Random Forests (.3) : 0.18082431027588963
Average bias squared for Random Forests (.1) : 0.646620018659203
Average variance for Random Forests (.1) : 0.19556843929095027
Average bias squared for Pure Random Forests : 0.646620018659203
Average variance for Pure Random Forests : 0.19556843929095027
