Gradient Boosting (10)
Training time: 135.07240791083314
Training accuracy: 0.8669674987147998
Testing accuracy: 0.6110888977742236
Classification report:
              precision    recall  f1-score   support

           0       0.64      0.80      0.71      3713
           1       0.58      0.50      0.54      3224
           2       0.17      0.02      0.04       363
           3       0.19      0.03      0.05       137
           4       0.00      0.00      0.00        30
           5       1.00      0.05      0.10        19
           6       0.00      0.00      0.00        10
           7       0.00      0.00      0.00         3
           8       0.00      0.00      0.00         3
           9       0.00      0.00      0.00         1

   micro avg       0.61      0.61      0.61      7503
   macro avg       0.26      0.14      0.14      7503
weighted avg       0.58      0.61      0.58      7503

Confusion matrix:
[[2968  735    9    0    0    0    1    0    0    0]
 [1576 1604   25   16    0    0    2    0    1    0]
 [  89  265    8    1    0    0    0    0    0    0]
 [  21  107    5    4    0    0    0    0    0    0]
 [   3   27    0    0    0    0    0    0    0    0]
 [  15    3    0    0    0    1    0    0    0    0]
 [   0   10    0    0    0    0    0    0    0    0]
 [   0    3    0    0    0    0    0    0    0    0]
 [   1    2    0    0    0    0    0    0    0    0]
 [   0    1    0    0    0    0    0    0    0    0]]



XGBoost (10)
Training time: 14.457281053997576
Training accuracy: 0.789627006340321
Testing accuracy: 0.6240170598427296
Classification report:
              precision    recall  f1-score   support

           0       0.64      0.83      0.72      3713
           1       0.60      0.49      0.54      3224
           2       0.18      0.01      0.01       363
           3       0.22      0.01      0.03       137
           4       0.00      0.00      0.00        30
           5       0.00      0.00      0.00        19
           6       0.00      0.00      0.00        10
           7       0.00      0.00      0.00         3
           8       0.00      0.00      0.00         3
           9       0.00      0.00      0.00         1

   micro avg       0.62      0.62      0.62      7503
   macro avg       0.16      0.13      0.13      7503
weighted avg       0.59      0.62      0.59      7503

Confusion matrix:
[[3096  617    0    0    0    0    0    0    0    0]
 [1630 1582    7    5    0    0    0    0    0    0]
 [  84  276    2    1    0    0    0    0    0    0]
 [  17  117    1    2    0    0    0    0    0    0]
 [   1   29    0    0    0    0    0    0    0    0]
 [  17    2    0    0    0    0    0    0    0    0]
 [   0    8    1    1    0    0    0    0    0    0]
 [   0    3    0    0    0    0    0    0    0    0]
 [   0    3    0    0    0    0    0    0    0    0]
 [   0    1    0    0    0    0    0    0    0    0]]



Gradient Boosting (20)
Training time: 91.32662380300462
Training accuracy: 1.0
Testing accuracy: 0.7361055577768892
Classification report:
              precision    recall  f1-score   support

           0       0.77      0.87      0.82      3713
           1       0.70      0.70      0.70      3224
           2       0.34      0.03      0.06       363
           3       0.60      0.04      0.08       137
           4       0.33      0.03      0.06        30
           5       0.33      0.05      0.09        19
           6       0.00      0.00      0.00        10
           7       0.00      0.00      0.00         3
           8       0.00      0.00      0.00         3
           9       0.00      0.00      0.00         1

   micro avg       0.74      0.74      0.74      7503
   macro avg       0.31      0.17      0.18      7503
weighted avg       0.71      0.74      0.71      7503

Confusion matrix:
[[3243  466    2    0    1    1    0    0    0    0]
 [ 942 2260   19    1    1    0    0    0    1    0]
 [  10  337   12    3    0    1    0    0    0    0]
 [   3  127    1    6    0    0    0    0    0    0]
 [   7   22    0    0    1    0    0    0    0    0]
 [  15    3    0    0    0    1    0    0    0    0]
 [   0    9    1    0    0    0    0    0    0    0]
 [   0    3    0    0    0    0    0    0    0    0]
 [   2    1    0    0    0    0    0    0    0    0]
 [   0    1    0    0    0    0    0    0    0    0]]



XGBoost (20)
Training time: 18.71865034289658
Training accuracy: 0.9804078368652539
Testing accuracy: 0.6750633080101293
Classification report:
              precision    recall  f1-score   support

           0       0.71      0.82      0.76      3713
           1       0.63      0.62      0.63      3224
           2       0.21      0.02      0.04       363
           3       0.10      0.01      0.01       137
           4       0.00      0.00      0.00        30
           5       0.00      0.00      0.00        19
           6       0.00      0.00      0.00        10
           7       0.00      0.00      0.00         3
           8       0.00      0.00      0.00         3
           9       0.00      0.00      0.00         1

   micro avg       0.68      0.68      0.68      7503
   macro avg       0.17      0.15      0.14      7503
weighted avg       0.64      0.68      0.65      7503

Confusion matrix:
[[3052  660    1    0    0    0    0    0    0    0]
 [1189 2005   23    4    3    0    0    0    0    0]
 [  30  322    7    4    0    0    0    0    0    0]
 [   9  126    1    1    0    0    0    0    0    0]
 [   1   28    0    1    0    0    0    0    0    0]
 [  16    3    0    0    0    0    0    0    0    0]
 [   0    9    1    0    0    0    0    0    0    0]
 [   0    3    0    0    0    0    0    0    0    0]
 [   0    3    0    0    0    0    0    0    0    0]
 [   0    1    0    0    0    0    0    0    0    0]]



Gradient Boosting (40)
Training time: 113.8626166570466
Training accuracy: 0.32569829211172674
Testing accuracy: 0.29828068772491
Classification report:
              precision    recall  f1-score   support

           0       0.53      0.32      0.40      3713
           1       0.44      0.30      0.36      3224
           2       0.06      0.18      0.09       363
           3       0.02      0.14      0.04       137
           4       0.01      0.07      0.01        30
           5       0.00      0.05      0.01        19
           6       0.00      0.10      0.01        10
           7       0.00      0.00      0.00         3
           8       0.00      0.00      0.00         3
           9       0.00      0.00      0.00         1

   micro avg       0.30      0.30      0.30      7503
   macro avg       0.11      0.12      0.09      7503
weighted avg       0.45      0.30      0.36      7503

Confusion matrix:
[[1189 1040  556  442  106  200   95   21   44   20]
 [ 930  962  473  401  122  151  104   22   42   17]
 [ 102  108   64   46    9   16    7    2    5    4]
 [  28   47   23   19    8    7    3    0    2    0]
 [   6    7    4    4    2    5    2    0    0    0]
 [   5    4    5    3    1    1    0    0    0    0]
 [   1    2    2    2    0    1    1    0    1    0]
 [   0    2    1    0    0    0    0    0    0    0]
 [   0    0    0    1    2    0    0    0    0    0]
 [   0    1    0    0    0    0    0    0    0    0]]



XGBoost (40)
Training time: 14.677508582826704
Training accuracy: 1.0
Testing accuracy: 0.7053178728508597
Classification report:
              precision    recall  f1-score   support

           0       0.75      0.83      0.79      3713
           1       0.67      0.67      0.67      3224
           2       0.20      0.06      0.09       363
           3       0.28      0.08      0.12       137
           4       0.17      0.03      0.06        30
           5       1.00      0.05      0.10        19
           6       0.00      0.00      0.00        10
           7       0.00      0.00      0.00         3
           8       0.00      0.00      0.00         3
           9       0.00      0.00      0.00         1

   micro avg       0.71      0.71      0.71      7503
   macro avg       0.31      0.17      0.18      7503
weighted avg       0.68      0.71      0.69      7503

Confusion matrix:
[[3095  612    4    2    0    0    0    0    0    0]
 [ 977 2164   67   13    3    0    0    0    0    0]
 [  13  317   20   11    1    0    1    0    0    0]
 [   1  118    6   11    1    0    0    0    0    0]
 [   2   23    2    2    1    0    0    0    0    0]
 [  16    2    0    0    0    1    0    0    0    0]
 [   0    7    2    1    0    0    0    0    0    0]
 [   0    3    0    0    0    0    0    0    0    0]
 [   0    3    0    0    0    0    0    0    0    0]
 [   0    1    0    0    0    0    0    0    0    0]]



