Gradient Boosting
Training time: 90.11705441889353
Training accuracy: 1.0
Testing accuracy: 0.7361055577768892
Classification report:
              precision    recall  f1-score   support

           0       0.77      0.87      0.82      3713
           1       0.70      0.70      0.70      3224
           2       0.34      0.03      0.06       363
           3       0.60      0.04      0.08       137
           4       0.33      0.03      0.06        30
           5       0.33      0.05      0.09        19
           6       0.00      0.00      0.00        10
           7       0.00      0.00      0.00         3
           8       0.00      0.00      0.00         3
           9       0.00      0.00      0.00         1

   micro avg       0.74      0.74      0.74      7503
   macro avg       0.31      0.17      0.18      7503
weighted avg       0.71      0.74      0.71      7503

Confusion matrix:
[[3243  466    2    0    1    1    0    0    0    0]
 [ 942 2260   19    1    1    0    0    0    1    0]
 [  10  337   12    3    0    1    0    0    0    0]
 [   3  127    1    6    0    0    0    0    0    0]
 [   7   22    0    0    1    0    0    0    0    0]
 [  15    3    0    0    0    1    0    0    0    0]
 [   0    9    1    0    0    0    0    0    0    0]
 [   0    3    0    0    0    0    0    0    0    0]
 [   2    1    0    0    0    0    0    0    0    0]
 [   0    1    0    0    0    0    0    0    0    0]]



XGBoost
Training time: 18.819240304874256
Training accuracy: 0.9804078368652539
Testing accuracy: 0.6750633080101293
Classification report:
              precision    recall  f1-score   support

           0       0.71      0.82      0.76      3713
           1       0.63      0.62      0.63      3224
           2       0.21      0.02      0.04       363
           3       0.10      0.01      0.01       137
           4       0.00      0.00      0.00        30
           5       0.00      0.00      0.00        19
           6       0.00      0.00      0.00        10
           7       0.00      0.00      0.00         3
           8       0.00      0.00      0.00         3
           9       0.00      0.00      0.00         1

   micro avg       0.68      0.68      0.68      7503
   macro avg       0.17      0.15      0.14      7503
weighted avg       0.64      0.68      0.65      7503

Confusion matrix:
[[3052  660    1    0    0    0    0    0    0    0]
 [1189 2005   23    4    3    0    0    0    0    0]
 [  30  322    7    4    0    0    0    0    0    0]
 [   9  126    1    1    0    0    0    0    0    0]
 [   1   28    0    1    0    0    0    0    0    0]
 [  16    3    0    0    0    0    0    0    0    0]
 [   0    9    1    0    0    0    0    0    0    0]
 [   0    3    0    0    0    0    0    0    0    0]
 [   0    3    0    0    0    0    0    0    0    0]
 [   0    1    0    0    0    0    0    0    0    0]]



