Decision Tree
Testing accuracy:  0.6403997011580127
Training accuracy:  1.0
Classification Report: 
              precision    recall  f1-score   support
           0       0.72      0.70      0.71    268222
           1       0.61      0.61      0.61    226033
           2       0.33      0.37      0.35     25843
           3       0.38      0.43      0.40     11063
           4       0.32      0.36      0.34      1998
           5       0.63      0.71      0.67      1144
           6       0.28      0.32      0.30       789
           7       0.32      0.37      0.34       136
           8       0.86      0.84      0.85        99
           9       0.92      0.84      0.88        73
   micro avg       0.64      0.64      0.64    535400
   macro avg       0.54      0.55      0.54    535400
weighted avg       0.64      0.64      0.64    535400
Confusion Matrix: 
[[188479  72024   5004   1870    445    336     48     10      5      1]
 [ 67984 138015  13664   4959    883    124    344     56      1      3]
 [  3820  11331   9643    740    134      2    147     21      5      0]
 [  1208   4216    694   4760     67      0    103     15      0      0]
 [   347    736    128     61    718      0      7      1      0      0]
 [   239     87      2      0      0    812      0      0      3      1]
 [    43    245    170     73      8      0    249      1      0      0]
 [     2     49     21     14      0      0      0     50      0      0]
 [     8      5      0      0      0      3      0      0     83      0]
 [     1      0      2      0      0      9      0      0      0     61]]
Bagging
Testing accuracy:  0.8093799028763541
Training accuracy:  1.0
Classification Report: 
              precision    recall  f1-score   support
           0       0.83      0.91      0.87    268222
           1       0.78      0.78      0.78    226033
           2       0.87      0.27      0.41     25843
           3       0.94      0.37      0.53     11063
           4       0.91      0.23      0.37      1998
           5       1.00      0.79      0.89      1144
           6       0.86      0.18      0.30       789
           7       0.95      0.29      0.45       136
           8       0.98      0.97      0.97        99
           9       0.97      0.99      0.98        73
   micro avg       0.81      0.81      0.81    535400
   macro avg       0.91      0.58      0.66    535400
weighted avg       0.81      0.81      0.80    535400
Confusion Matrix: 
[[245170  23041      7      1      1      0      0      0      2      0]
 [ 49702 175405    799     87     40      0      0      0      0      0]
 [   989  17829   6908     99      3      0     15      0      0      0]
 [   254   6579     87   4132      0      0      9      2      0      0]
 [   134   1396      3      0    465      0      0      0      0      0]
 [   227      6      0      0      0    909      0      0      0      2]
 [     0    492    101     51      0      0    145      0      0      0]
 [     0     67      4     25      0      0      0     40      0      0]
 [     3      0      0      0      0      0      0      0     96      0]
 [     0      1      0      0      0      0      0      0      0     72]]
Random Forest
Testing accuracy:  0.7757190885319387
Training accuracy:  1.0
Classification Report: 
              precision    recall  f1-score   support
           0       0.79      0.91      0.85    268222
           1       0.75      0.73      0.74    226033
           2       0.81      0.11      0.19     25843
           3       0.91      0.19      0.32     11063
           4       0.96      0.13      0.23      1998
           5       0.99      0.85      0.91      1144
           6       0.63      0.03      0.06       789
           7       1.00      0.07      0.14       136
           8       1.00      1.00      1.00        99
           9       0.97      0.90      0.94        73
   micro avg       0.78      0.78      0.78    535400
   macro avg       0.88      0.49      0.54    535400
weighted avg       0.78      0.78      0.76    535400
Confusion Matrix: 
[[244794  23423      1      0      4      0      0      0      0      0]
 [ 61316 164173    490     48      6      0      0      0      0      0]
 [  1492  21457   2804     83      0      0      7      0      0      0]
 [   414   8440     82   2119      0      0      8      0      0      0]
 [   120   1616      0      0    262      0      0      0      0      0]
 [   175      0      0      0      0    967      0      0      0      2]
 [     0    633     84     46      0      0     26      0      0      0]
 [     0    105      0     21      0      0      0     10      0      0]
 [     0      0      0      0      0      0      0      0     99      0]
 [     0      1      0      0      0      6      0      0      0     66]]
Adaboost
Testing accuracy:  0.5208647740007472
Training accuracy:  0.5268125872513736
Classification Report: 
              precision    recall  f1-score   support
           0       0.64      0.57      0.60    268222
           1       0.49      0.52      0.50    226033
           2       0.14      0.25      0.18     25843
           3       0.20      0.23      0.21     11063
           4       0.29      0.13      0.18      1998
           5       0.99      0.46      0.63      1144
           6       0.72      0.04      0.07       789
           7       1.00      0.08      0.15       136
           8       1.00      0.84      0.91        99
           9       1.00      0.85      0.92        73
   micro avg       0.52      0.52      0.52    535400
   macro avg       0.65      0.40      0.44    535400
weighted avg       0.54      0.52      0.53    535400
Confusion Matrix: 
[[151604 101968  12291   2319     37      3      0      0      0      0]
 [ 78690 117373  22942   6589    438      0      1      0      0      0]
 [  5015  13026   6353   1351     94      0      4      0      0      0]
 [  1068   5537   1825   2575     52      0      6      0      0      0]
 [   131   1306    253     54    254      0      0      0      0      0]
 [   411    205      0      0      0    528      0      0      0      0]
 [    48    322    295     90      6      0     28      0      0      0]
 [     0     38     31     56      0      0      0     11      0      0]
 [     2     14      0      0      0      0      0      0     83      0]
 [     0     11      0      0      0      0      0      0      0     62]]
